1	/data3/graph/mtx/italy_osm.mtx	6686493	6686493	14027956
2	/data3/graph/mtx/web-hudong.mtx	1984484	1984484	14869484
3	/data3/graph/mtx/patents.mtx	3774768	3774768	14970767
4	/data3/graph/mtx/soc-flixster.mtx	2523386	2523386	15837602
5	/data3/graph/mtx/venturiLevel3.mtx	4026819	4026819	16108474
6	/data3/graph/mtx/great-britain_osm.mtx	7733822	7733822	16313034
7	/data3/graph/mtx/cit-Patents.mtx	3774768	3774768	16518948
8	/data3/graph/mtx/in-2004.mtx	1382908	1382908	16917053
9	/data3/graph/mtx/hugetric-00000.mtx	5824554	5824554	17467046
10	/data3/graph/mtx/web-baidu-baike.mtx	2141300	2141300	17794839
11	/data3/graph/mtx/Freescale1.mtx	3428755	3428755	18920347
12	/data3/graph/mtx/circuit5M_dc.mtx	3523317	3523317	19194193
13	/data3/graph/mtx/soc-linkedin.mtx	6726289	6726289	19360690
14	/data3/graph/mtx/wikipedia-20051105.mtx	1634989	1634989	19753078
15	/data3/graph/mtx/hugetric-00010.mtx	6592765	6592765	19771708
16	/data3/graph/mtx/rajat31.mtx	4690002	4690002	20316253
17	/data3/graph/mtx/M6.mtx	3501776	3501776	21003872
18	/data3/graph/mtx/hugetric-00020.mtx	7122792	7122792	21361554
19	/data3/graph/mtx/as-Skitter.mtx	1696415	1696415	22190596
20	/data3/graph/mtx/333SP.mtx	3712815	3712815	22217266
21	/data3/graph/mtx/StocF-1465.mtx	1465137	1465137	22470526
22	/data3/graph/mtx/AS365.mtx	3799275	3799275	22736152
23	/data3/graph/mtx/Freescale2.mtx	2999349	2999349	23042677
24	/data3/graph/mtx/Transport.mtx	1602111	1602111	23500731
25	/data3/graph/mtx/germany_osm.mtx	11548845	11548845	24738362
26	/data3/graph/mtx/NLR.mtx	4163763	4163763	24975952
27	/data3/graph/mtx/delaunay_n22.mtx	4194304	4194304	25165738
28	/data3/graph/mtx/asia_osm.mtx	11950757	11950757	25423206
29	/data3/graph/mtx/FullChip.mtx	2987012	2987012	26621990
30	/data3/graph/mtx/cage14.mtx	1505785	1505785	27130349
31	/data3/graph/mtx/adaptive.mtx	6815744	6815744	27248640
32	/data3/graph/mtx/wiki-topcats.mtx	1791489	1791489	28511807
33	/data3/graph/mtx/CurlCurl_4.mtx	2380515	2380515	28896382
34	/data3/graph/mtx/rgg_n_2_21_s0.mtx	2097152	2097152	28975990
35	/data3/graph/mtx/nlpkkt80.mtx	1062400	1062400	29767072
36	/data3/graph/mtx/soc-Pokec.mtx	1632803	1632803	30622564
37	/data3/graph/mtx/soc-flickr-und.mtx	1715255	1715255	31110084
38	/data3/graph/mtx/road_central.mtx	14081816	14081816	33866826
39	/data3/graph/mtx/packing-500x100x100-b050.mtx	2145852	2145852	34976486
40	/data3/graph/mtx/hugetrace-00010.mtx	12057441	12057441	36164358
41	/data3/graph/mtx/wikipedia-20060925.mtx	2983494	2983494	37269096
42	/data3/graph/mtx/wikipedia-20061104.mtx	3148440	3148440	39383235
43	/data3/graph/mtx/socfb-B-anon.mtx	2937612	2937612	41919708
44	/data3/graph/mtx/wikipedia-20070206.mtx	3566907	3566907	45030389
45	/data3/graph/mtx/socfb-A-anon.mtx	3097165	3097165	47334788
46	/data3/graph/mtx/hugetrace-00020.mtx	16002413	16002413	47997626
47	/data3/graph/mtx/dielFilterV2real.mtx	1157456	1157456	49696408
48	/data3/graph/mtx/delaunay_n23.mtx	8388608	8388608	50331568
49	/data3/graph/mtx/af_shell10.mtx	1508065	1508065	54180390
50	/data3/graph/mtx/hugebubbles-00000.mtx	18318143	18318143	54940162
51	/data3/graph/mtx/wb-edu.mtx	9845725	9845725	57156537
52	/data3/graph/mtx/road_usa.mtx	23947347	23947347	57708624
53	/data3/graph/mtx/hugebubbles-00010.mtx	19458087	19458087	58359528
54	/data3/graph/mtx/circuit5M.mtx	5558326	5558326	59524291
55	/data3/graph/mtx/rgg_n_2_22_s0.mtx	4194304	4194304	60718396
56	/data3/graph/mtx/Hook_1498.mtx	1498023	1498023	62415468
57	/data3/graph/mtx/hugebubbles-00020.mtx	21198119	21198119	63580358
58	/data3/graph/mtx/Geo_1438.mtx	1437960	1437960	64594650
59	/data3/graph/mtx/Serena.mtx	1391349	1391349	65923050
60	/data3/graph/mtx/soc-LiveJournal1.mtx	4847571	4847571	68993773
61	/data3/graph/mtx/mawi_201512020000.mtx	35991342	35991342	74485420
62	/data3/graph/mtx/ljournal-2008.mtx	5363260	5363260	79023142
63	/data3/graph/mtx/channel-500x100x100-b050.mtx	4802000	4802000	85362744
64	/data3/graph/mtx/Long_Coup_dt0.mtx	1470152	1470152	88559144
65	/data3/graph/mtx/Long_Coup_dt6.mtx	1470152	1470152	88559144
66	/data3/graph/mtx/kron_g500-logn20.mtx	1048576	1048576	89240544
67	/data3/graph/mtx/dielFilterV3real.mtx	1102824	1102824	90408844
68	/data3/graph/mtx/cage15.mtx	5154859	5154859	99199551
69	/data3/graph/mtx/nlpkkt120.mtx	3542400	3542400	100388192
70	/data3/graph/mtx/delaunay_n24.mtx	16777216	16777216	100663202
71	/data3/graph/mtx/europe_osm.mtx	50912018	50912018	108109320
72	/data3/graph/mtx/ML_Geer.mtx	1504002	1504002	110879972
73	/data3/graph/mtx/hollywood-2009.mtx	1139905	1139905	115031232
74	/data3/graph/mtx/kmer_V2a.mtx	55042369	55042369	117217600
75	/data3/graph/mtx/Flan_1565.mtx	1564794	1564794	118970838
76	/data3/graph/mtx/rgg_n_2_23_s0.mtx	8388608	8388608	127002786
77	/data3/graph/mtx/Cube_Coup_dt0.mtx	2164760	2164760	129370904
78	/data3/graph/mtx/Cube_Coup_dt6.mtx	2164760	2164760	129370904
79	/data3/graph/mtx/Bump_2911.mtx	2911419	2911419	130641318
80	/data3/graph/mtx/kmer_U1a.mtx	67716231	67716231	138778562
81	/data3/graph/mtx/mawi_201512020030.mtx	68863315	68863315	143414960
82	/data3/graph/mtx/kron_g500-logn21.mtx	2097152	2097152	182084020
83	/data3/graph/mtx/socfb-uci-uni.mtx	58790782	58790782	184416390
84	/data3/graph/mtx/socfb-konect.mtx	59216214	59216214	185044034
85	/data3/graph/mtx/indochina-2004.mtx	7414866	7414866	194109311
86	/data3/graph/mtx/com-Orkut.mtx	3072441	3072441	234370166
87	/data3/graph/mtx/nlpkkt160.mtx	8345600	8345600	237863712
88	/data3/graph/mtx/rgg_n_2_24_s0.mtx	16777216	16777216	265114400
89	/data3/graph/mtx/mawi_201512020130.mtx	128568730	128568730	270234840
90	/data3/graph/mtx/HV15R.mtx	2017169	2017169	283073458
91	/data3/graph/mtx/Spielman_k600.mtx	72180402	72180402	289082806
92	/data3/graph/mtx/kmer_P1a.mtx	139353211	139353211	297829984
93	/data3/graph/mtx/uk-2002.mtx	18520486	18520486	298113762
94	/data3/graph/mtx/stokes.mtx	11449533	11449533	349321980
95	/data3/graph/mtx/kmer_A2a.mtx	170728175	170728175	360585172
96	/data3/graph/mtx/kmer_V1r.mtx	214005017	214005017	465410904
97	/data3/graph/mtx/mawi_201512020330.mtx	226196185	226196185	480047898
98	/data3/graph/mtx/soc-sinaweibo.mtx	58655849	58655849	522642142
99	/data3/graph/mtx/soc-twitter-2010.mtx	21297772	21297772	530051618
100	/data3/graph/mtx/arabic-2005.mtx	22744080	22744080	639999458
101	/data3/graph/mtx/sx-stackoverflow.mtx	22744080	22744080	639999458
102	/data3/graph/mtx/sx-stackoverflow_A2Q.mtx 22744080	22744080	639999458
103 /data3/graph/mtx/soc-digg.mtx 770799 770799 11814264
104 /data3/graph/mtx/tech-ip.mtx 2248520 2248520 21644712
