1 /data3/graph/mtx/italy_osm.mtx	6686493	6686493	14027956
2	/data3/graph/mtx/web-hudong.mtx	1984484	1984484	14869484
3	/data3/graph/mtx/patents.mtx	3774768	3774768	14970767
4	/data3/graph/mtx/soc-flixster.mtx	2523386	2523386	15837602
5	/data3/graph/mtx/sx-stackoverflow_A2Q.mtx 2601977	2601977	16266395
6	/data3/graph/mtx/great-britain_osm.mtx	7733822	7733822	16313034
7	/data3/graph/mtx/cit-Patents.mtx	3774768	3774768	16518948
8	/data3/graph/mtx/in-2004.mtx	1382908	1382908	16917053
9	/data3/graph/mtx/web-baidu-baike.mtx	2141300	2141300	17794839
10  /data3/graph/mtx/soc-linkedin.mtx	6726289	6726289	19360690
11  /data3/graph/mtx/wikipedia-20051105.mtx	1634989	1634989	19753078
12  /data3/graph/mtx/tech-ip.mtx 2250497 2250497 21644712
13	/data3/graph/mtx/as-Skitter.mtx	1696415	1696415	22190596
14	/data3/graph/mtx/germany_osm.mtx	11548845	11548845	24738362
15	/data3/graph/mtx/asia_osm.mtx	11950757	11950757	25423206
16	/data3/graph/mtx/wiki-topcats.mtx	1791489	1791489	28511807
17	/data3/graph/mtx/soc-Pokec.mtx	1632803	1632803	30622564
18	/data3/graph/mtx/soc-flickr-und.mtx	1715255	1715255	31110084
19	/data3/graph/mtx/road_central.mtx	14081816	14081816	33866826
20	/data3/graph/mtx/sx-stackoverflow.mtx	2601977	2601977	36233450
21	/data3/graph/mtx/wikipedia-20060925.mtx	2983494	2983494	37269096
22	/data3/graph/mtx/wikipedia-20061104.mtx	3148440	3148440	39383235
23	/data3/graph/mtx/socfb-B-anon.mtx	2937612	2937612	41919708
24	/data3/graph/mtx/wikipedia-20070206.mtx	3566907	3566907	45030389
25	/data3/graph/mtx/socfb-A-anon.mtx	3097165	3097165	47334788
26	/data3/graph/mtx/wb-edu.mtx	9845725	9845725	57156537
27	/data3/graph/mtx/road_usa.mtx	23947347	23947347	57708624
28	/data3/graph/mtx/soc-LiveJournal1.mtx	4847571	4847571	68993773
29	/data3/graph/mtx/mawi_201512020000.mtx	35991342	35991342	74485420
30	/data3/graph/mtx/ljournal-2008.mtx	5363260	5363260	79023142
31	/data3/graph/mtx/europe_osm.mtx	50912018	50912018	108109320
32	/data3/graph/mtx/hollywood-2009.mtx	1139905	1139905	115031232
33	/data3/graph/mtx/kmer_V2a.mtx	55042369	55042369	117217600
34	/data3/graph/mtx/kmer_U1a.mtx	67716231	67716231	138778562
35	/data3/graph/mtx/mawi_201512020030.mtx	68863315	68863315	143414960
36	/data3/graph/mtx/socfb-uci-uni.mtx	58790782	58790782	184416390
37	/data3/graph/mtx/socfb-konect.mtx	59216214	59216214	185044034
38	/data3/graph/mtx/indochina-2004.mtx	7414866	7414866	194109311
39	/data3/graph/mtx/com-Orkut.mtx	3072441	3072441	234370166
40	/data3/graph/mtx/mawi_201512020130.mtx	128568730	128568730	270234840
41	/data3/graph/mtx/kmer_P1a.mtx	139353211	139353211	297829984
42	/data3/graph/mtx/uk-2002.mtx	18520486	18520486	298113762
43	/data3/graph/mtx/kmer_A2a.mtx	170728175	170728175	360585172
44	/data3/graph/mtx/kmer_V1r.mtx	214005017	214005017	465410904
45	/data3/graph/mtx/mawi_201512020330.mtx	226196185	226196185	480047898
46	/data3/graph/mtx/soc-sinaweibo.mtx	58655849	58655849	522642142
47	/data3/graph/mtx/soc-twitter-2010.mtx	21297772	21297772	530051618
48	/data3/graph/mtx/arabic-2005.mtx	22744080	22744080	639999458
49  /data3/graph/mtx/enwiki-2013.mtx  4206785 4206785 101355853
50  /data3/graph/mtx/uk-2014-host.mtx 4769354 4769354 50829923
51  /data3/graph/mtx/eu-2015-host.mtx 11264052  11264052  386915963
52  /data3/graph/mtx/eu-2015-tpd.mtx  6650532 6650532 170145510
53  /data3/graph/mtx/gsh-2015-tpd.mtx 30809122  30809122  602119716
